100
425
7107
2900
152
340
21
3642
5624
4849
3451
4995
559
124
378
39
4905
8973
3
1884
5521
5551
197
9755
11
153
9450
87
2679
9751
6269
841
9274
80
14
9871
7
377
9047
81
142
9064
2
874
9628
56
375
9673
96
7173
8916
640
985
9847
96
833
1629
4185
908
6076
4898
359
4277
9589
5816
7335
3185
81
9692
94
4102
7597
8747
136
476
23
380
9662
86
339
9460
80
243
8652
1410
23
9986
1
6233
7609
2465
776
9475
78
9751
9985
78
775
9659
61
311
470
13
4085
6814
9
20
9859
10
256
9548
47
186
9693
61
696
9001
5
727
9950
3
3923
6253
7478
598
9059
15
301
3848
1568
486
9508
53
1419
6793
43
683
9200
29
285
9462
2
194
9621
39
346
408
4
136
6806
612
5520
9266
3550
26
9955
4
6241
8424
52
7
9913
6
124
272
38
397
9581
52
12
9938
5
726
9444
27
2158
8051
83
2
9885
9
811
9222
31
5870
5870
5870
9
9943
8
3834
9999
9625
464
9937
78
239
9047
65
453
9819
96
3482
4326
2457
309
9384
72
910
5916
65
458
9910
19
813
8856
4452
9329
9329
9329
3323
5109
1275
5563
9485
6514
783
6262
7293
17
9952
3
431
5184
72
827
9846
26
4965
6112
8162
2364
4316
6641
131
9191
15
9
9960
2
144
9343
89
392
9939
41
7201
8927
72
308
9144
74
1038
7237
652
5605
5605
5605
3065
8882
21
522
5900
4411
742
9627
93
14
69
36
6070
6425
6130
53
9963
2
691
9826
46
396
470
66
269
9107
58
5600
9759
9010
816
9675
15
