-1
6861
4900
-1
8579
585
-1
-1
-1
-1
5327
-1
2673
9198
4202
7056
-1
-1
1227
-1
-1
-1
6674
-1
-1
-1
-1
8244
-1
-1
7978
-1
-1
3149
-1
6496
5214
8162
-1
-1
-1
8509
3177
-1
568
-1
-1
-1
7995
-1
-1
860
-1
-1
-1
2630
2035
6714
-1
-1
-1
-1
2632
1906
-1
3421
1313
-1
-1
7059
1225
971
9627
-1
-1
-1
7159
3694
-1
-1
-1
9091
-1
1248
-1
6914
-1
-1
-1
3586
6228
-1
2534
1800
-1
-1
7785
-1
-1
-1
5427
6609
-1
-1
-1
8019
685
-1
2109
-1
-1
6876
8187
5972
6367
-1
7418
-1
2459
-1
-1
1928
2601
-1
-1
1229
5137
-1
4835
-1
60
-1
8592
-1
-1
5893
-1
-1
1416
751
-1
-1
2865
1891
-1
8096
-1
-1
9904
-1
-1
8357
-1
-1
-1
9701
8427
-1
3023
8175
-1
-1
-1
-1
2488
-1
8783
-1
1823
-1
6078
-1
2311
4821
-1
-1
1310
2517
-1
-1
7689
-1
-1
3697
-1
-1
-1
-1
6884
-1
-1
3186
8776
-1
1359
397
1787
7164
9183
-1
7942
-1
-1
6189
-1
4773
3908
-1
2794
9843
3504
9870
-1
-1
2679
3272
-1
-1
-1
-1
4710
-1
-1
7381
2018
-1
-1
-1
4562
-1
9410
3678
-1
-1
3070
5687
7526
-1
3021
-1
9018
-1
9726
-1
-1
7940
-1
-1
920
1764
-1
-1
5387
7938
4035
4362
-1
2456
1486
4232
5842
3976
8037
8000
2891
-1
-1
-1
-1
-1
147
-1
-1
935
-1
4338
6334
8565
6540
2412
-1
1578
-1
3860
-1
9943
-1
-1
-1
4328
9886
6546
6222
-1
-1
850
-1
-1
8307
2041
-1
8939
539
1554
2061
-1
-1
2999
463
-1
8601
4610
-1
-1
-1
-1
1400
-1
2661
5766
-1
-1
-1
5057
-1
-1
2733
-1
-1
-1
-1
6045
-1
-1
3759
7355
3982
6274
-1
4180
-1
4983
5150
-1
-1
7590
520
5442
7279
-1
7106
-1
6391
-1
-1
-1
-1
-1
-1
-1
2295
-1
5909
5083
5895
7073
-1
5586
9371
6102
-1
9989
4113
-1
124
-1
5056
-1
-1
-1
9626
-1
7583
-1
4571
222
9519
2725
-1
-1
8141
-1
-1
5087
-1
6247
7184
-1
7154
8035
6921
5051
5399
1532
9264
6314
-1
7744
-1
7197
-1
7572
201
-1
6061
3901
-1
-1
9756
-1
-1
-1
4184
-1
4354
2759
-1
-1
3867
758
-1
-1
-1
-1
3583
1867
2859
-1
5166
3168
-1
-1
-1
2704
7852
-1
-1
-1
-1
318
5185
-1
3916
8221
-1
-1
5409
-1
-1
433
-1
-1
2327
4085
-1
-1
-1
-1
569
-1
5
-1
1064
9558
-1
9925
3143
-1
602
6823
-1
-1
-1
-1
-1
2091
211
-1
-1
-1
2610
4438
-1
5889
-1
7964
-1
1861
-1
7007
-1
-1
6820
-1
-1
5714
2354
-1
9262
8710
5978
3767
-1
-1
1574
1336
-1
8862
1135
-1
3136
210
3081
-1
4609
1173
8167
-1
-1
5544
-1
8239
-1
4146
7256
-1
6200
3465
7459
7464
3658
6739
-1
4975
-1
892
4729
6656
-1
5593
-1
5769
1322
-1
-1
-1
336
-1
687
-1
7020
-1
2870
-1
-1
-1
4089
1055
6589
20
9688
-1
-1
2627
-1
-1
4337
-1
-1
857
361
-1
146
1966
-1
-1
-1
-1
-1
-1
-1
-1
6503
4750
-1
-1
-1
-1
7463
4706
5254
-1
8161
3799
-1
1462
-1
8225
8313
-1
-1
-1
-1
9236
-1
-1
-1
-1
-1
3587
2758
9578
-1
-1
-1
-1
5151
-1
4372
2823
652
9073
3188
-1
8558
-1
4557
552
-1
1107
6693
-1
4008
2635
4574
-1
4249
1595
-1
1206
-1
-1
948
-1
-1
-1
-1
-1
-1
2970
-1
-1
-1
-1
-1
-1
-1
-1
-1
9770
1610
-1
-1
-1
-1
7488
9952
-1
6265
6554
-1
7458
8112
-1
-1
3463
9403
-1
2339
2005
-1
-1
808
-1
-1
1490
8911
883
-1
4398
-1
8522
-1
-1
-1
4549
5728
-1
-1
-1
800
1089
6117
4027
2890
8949
9034
5941
-1
-1
1201
5576
8596
-1
-1
-1
-1
-1
4250
9908
9225
-1
-1
6053
-1
-1
8050
8542
8138
-1
4393
-1
398
-1
-1
3382
9639
4106
3520
7278
1367
2154
-1
9499
-1
3517
-1
-1
7013
3597
-1
-1
-1
5508
8621
7791
-1
-1
-1
104
-1
-1
-1
6753
-1
2927
5195
-1
-1
6556
4277
8486
-1
-1
-1
7410
-1
9969
-1
1433
-1
4403
114
-1
-1
-1
341
-1
-1
-1
7736
7917
-1
92
-1
-1
3120
1166
8125
2755
-1
-1
-1
-1
-1
9591
3123
5099
7089
-1
-1
2972
-1
-1
7817
-1
2842
5491
-1
-1
6684
-1
9647
-1
-1
-1
-1
571
2580
3201
-1
2216
-1
-1
84
9234
-1
6236
3355
4197
1598
-1
4854
9560
-1
5253
-1
2747
6295
-1
-1
-1
1488
-1
-1
-1
-1
225
-1
-1
-1
3996
-1
2394
-1
5478
-1
-1
-1
3358
9396
364
-1
4619
-1
-1
-1
2115
-1
-1
9101
6194
-1
1417
5694
9700
5211
7163
-1
9368
-1
-1
-1
-1
-1
-1
8258
-1
-1
-1
-1
-1
-1
5250
3712
-1
2106
-1
1869
-1
-1
-1
1545
6761
-1
2203
-1
-1
-1
-1
-1
1620
-1
-1
-1
-1
9345
-1
5506
1969
-1
5272
579
-1
4000
5911
6676
-1
-1
3282
-1
-1
3448
-1
-1
-1
-1
4058
-1
-1
-1
-1
9147
-1
3474
-1
-1
5799
7889
5793
5512
4157
-1
6528
-1
7236
5808
2977
6106
-1
6542
8908
5018
938
4858
-1
-1
2284
-1
9894
3621
6027
-1
3511
5896
916
5198
-1
-1
-1
8889
1783
4841
-1
5921
6475
7400
7837
-1
-1
-1
1935
1237
4901
-1
-1
282
-1
9761
-1
-1
-1
-1
-1
2167
8481
-1
638
2872
-1
5204
6251
639
-1
589
7257
3376
-1
-1
-1
4805
6610
-1
1214
-1
-1
7140
9677
-1
-1
5604
-1
4630
8521
-1
1439
-1
-1
7219
-1
8103
1355
-1
9755
-1
3480
-1
-1
-1
3492
-1
-1
-1
-1
-1
5302
5364
-1
5347
9129
-1
-1
-1
8327
7633
5627
-1
1701
4357
6755
3207
3121
-1
215
5196
3572
-1
-1
7591
3146
-1
9097
-1
-1
27
-1
-1
-1
3672
8976
-1
3252
-1
-1
7366
-1
-1
7034
-1
3114
1661
8988
7879
-1
2513
-1
6327
905
7882
5662
2238
5555
-1
8569
2762
-1
4769
-1
-1
9510
2719
-1
-1
232
-1
-1
9992
-1
-1
8487
-1
7081
-1
804
8053
6675
9903
-1
7849
1419
-1
3760
7567
9416
-1
-1
-1
-1
-1
-1
-1
-1
-1
-1
2932
4696
9750
3496
-1
7939
-1
6399
8087
3551
-1
-1
-1
6848
2649
-1
2214
-1
252
-1
5753
-1
4348
7796
-1
6031
-1
-1
-1
-1
-1
7318
-1
-1
-1
8937
-1
4950
8984
183
-1
-1
9045
-1
6834
7901
-1
-1
3539
-1
8464
-1
-1
5618
-1
-1
2515
6190
-1
-1
3723
4096
5075
5261
-1
4808
-1
1384
-1
5436
6833
-1
-1
-1
464
-1
8960
-1
8324
5751
-1
-1
6474
9710
-1
6238
-1
-1
5850
377
6632
-1
3942
-1
9231
-1
-1
-1
6569
10
-1
4852
3192
641
4916
-1
6935
-1
-1
-1
-1
-1
2572
-1
-1
-1
-1
9669
5688
-1
392
5592
-1
-1
9289
-1
-1
-1
8725
1496
-1
-1
9914
8453
2402
-1
-1
4758
7137
-1
-1
5742
5107
-1
-1
3643
218
-1
3623
8534
-1
2171
2834
-1
-1
9517
3966
-1
-1
-1
7285
-1
-1
3971
-1
-1
2144
-1
5373
5636
-1
6736
1232
-1
-1
-1
-1
-1
1260
8315
2013
1099
6752
-1
-1
2885
7718
-1
6386
9521
-1
-1
5401
806
5457
1854
6625
-1
-1
-1
-1
6175
4363
4999
4496
-1
5233
7301
-1
-1
-1
-1
-1
3965
-1
-1
8659
-1
2527
3298
6214
9526
-1
-1
-1
8531
94
-1
-1
-1
-1
2343
665
4369
675
8358
-1
-1
-1
7217
-1
-1
-1
-1
-1
-1
-1
6727
-1
-1
564
-1
-1
1429
1565
-1
7213
3977
7351
9414
-1
-1
6768
-1
-1
-1
-1
-1
453
4954
-1
-1
-1
4757
-1
7094
-1
-1
6116
3927
6009
-1
8771
-1
-1
5488
2756
8858
-1
2026
-1
-1
-1
-1
-1
2628
6250
2917
-1
-1
5208
-1
-1
-1
-1
7457
-1
-1
-1
-1
3038
-1
-1
9312
2236
-1
-1
6996
-1
286
-1
-1
5606
-1
9861
-1
-1
-1
-1
9860
2648
-1
1631
6490
-1
5931
788
5220
3030
4872
-1
4313
4426
-1
1813
3795
7828
-1
-1
6320
-1
5432
1162
-1
8119
5762
5866
153
3424
-1
4005
5064
-1
-1
-1
2355
4725
-1
-1
5708
4406
4587
4308
-1
-1
8117
-1
1074
7711
4689
-1
-1
739
-1
-1
-1
-1
591
-1
-1
-1
-1
-1
8764
4312
4343
-1
-1
3595
-1
-1
-1
2526
8546
-1
-1
-1
4814
-1
-1
-1
-1
8232
-1
-1
-1
-1
-1
8452
5433
-1
-1
2583
-1
-1
8278
8848
4340
9384
9898
9659
4214
-1
-1
-1
-1
6257
-1
-1
-1
6638
-1
-1
7379
-1
-1
-1
-1
-1
1437
-1
-1
-1
9117
-1
3881
-1
7024
-1
-1
-1
9388
8915
-1
-1
-1
7967
-1
4529
4336
8212
7660
598
6871
110
5698
6000
-1
-1
6484
9330
-1
1799
-1
7570
-1
-1
3608
-1
-1
-1
-1
8191
548
8129
2801
-1
9486
-1
-1
3993
2253
6442
693
334
9779
7714
7237
3349
1182
-1
8609
5638
1593
7568
-1
4404
6463
-1
6890
9746
5650
3190
-1
-1
-1
-1
-1
-1
-1
-1
-1
4536
9740
8729
8913
3877
115
-1
1277
1927
-1
1914
5573
2802
6607
-1
-1
-1
-1
-1
-1
-1
-1
1642
-1
-1
-1
-1
-1
-1
5891
-1
7831
4533
4897
-1
9479
1827
-1
9586
-1
-1
-1
9902
7235
3195
-1
-1
3292
7708
-1
-1
2591
5580
-1
4637
7439
-1
4059
933
-1
-1
9603
-1
7641
-1
-1
1146
-1
-1
5497
-1
9759
-1
-1
-1
-1
-1
-1
-1
-1
-1
4127
-1
6147
7731
-1
8189
-1
-1
246
2438
2123
5235
474
5238
4236
-1
-1
2773
8673
2606
4947
1973
3843
-1
-1
-1
-1
-1
2357
2566
9551
-1
-1
537
-1
-1
-1
-1
901
-1
-1
-1
895
-1
-1
-1
2249
-1
664
-1
5630
-1
-1
3978
1493
-1
-1
-1
-1
-1
7146
4315
7553
-1
-1
-1
-1
-1
3017
-1
-1
-1
-1
5958
358
-1
-1
-1
-1
9561
2928
-1
3454
5053
-1
9554
4976
5805
363
-1
-1
-1
5902
-1
-1
1385
-1
-1
1283
-1
2499
1251
6453
-1
-1
6757
4387
-1
5281
6832
4838
1499
-1
3691
3893
2953
9780
-1
-1
8280
9116
-1
-1
3251
-1
-1
1742
6499
-1
-1
4938
4022
-1
161
-1
-1
8825
-1
6570
-1
1370
7874
6692
-1
7584
9204
4036
2147
-1
-1
-1
4188
-1
-1
-1
1242
5188
-1
-1
-1
5837
6321
-1
7930
4585
5402
8198
2793
-1
-1
8773
9512
6644
5173
-1
-1
-1
3144
-1
-1
1362
-1
-1
-1
-1
-1
5732
99
9249
1483
-1
-1
2053
1369
-1
-1
-1
-1
3436
1123
250
8944
-1
2447
-1
-1
5727
5679
1022
-1
-1
-1
-1
6658
8246
-1
-1
-1
-1
6971
4430
-1
-1
-1
-1
-1
3399
-1
8231
-1
8047
1684
6306
-1
4602
-1
763
-1
-1
-1
1200
750
-1
-1
3273
-1
7661
7528
-1
5759
-1
-1
4882
-1
1592
8777
-1
-1
135
-1
-1
-1
9109
2618
1177
-1
6119
6698
6142
-1
-1
-1
6023
1092
-1
-1
-1
-1
2650
-1
-1
-1
-1
1940
-1
-1
-1
-1
132
519
-1
7364
1609
-1
-1
5907
-1
3589
1667
9421
8012
5633
9520
-1
574
8074
1719
-1
1013
-1
-1
3319
-1
-1
-1
1329
8656
-1
-1
2600
-1
5429
-1
-1
2785
-1
7887
7493
4153
1775
5692
2564
2294
1051
-1
5803
-1
-1
-1
1904
-1
2085
6960
-1
-1
6995
-1
8177
8894
5572
9108
3550
-1
-1
2616
-1
-1
-1
-1
-1
-1
6113
7866
-1
-1
9754
1243
14
-1
-1
6125
9611
8697
8639
-1
-1
6944
-1
5950
3967
8957
4422
2553
-1
845
-1
-1
9864
1714
-1
3614
-1
-1
7103
4443
-1
-1
-1
-1
-1
-1
7195
7303
-1
-1
-1
25
4123
-1
7254
-1
5217
5160
7703
-1
9103
-1
-1
8402
9398
-1
3079
-1
4265
-1
-1
5775
-1
7309
7401
8590
8756
-1
3644
-1
-1
9933
5405
1134
8970
-1
2569
-1
5862
2655
-1
-1
8095
1698
5551
9404
3083
4060
-1
9602
5965
-1
1760
530
-1
-1
-1
5134
-1
-1
4310
6056
-1
-1
-1
-1
-1
3413
126
-1
-1
2387
-1
5672
-1
36
9012
-1
-1
1475
-1
5295
1534
-1
6630
8979
3442
-1
-1
69
-1
-1
-1
-1
3359
-1
2460
-1
-1
6572
7134
1636
5820
-1
4660
-1
-1
-1
6420
2989
3818
-1
-1
-1
4748
-1
8197
-1
158
9891
-1
487
-1
3846
-1
6297
-1
-1
-1
-1
8400
-1
2244
-1
8378
-1
-1
8113
2235
7973
-1
9098
-1
9102
-1
6653
-1
6558
9599
-1
-1
6688
8205
-1
5455
-1
8630
-1
2805
2788
1838
1657
1273
2867
-1
284
2588
1138
423
1478
2664
1809
309
-1
-1
7733
-1
-1
7022
2581
748
-1
-1
-1
6001
-1
7475
8350
-1
-1
-1
-1
-1
1721
-1
2461
3254
-1
-1
-1
-1
527
-1
9217
-1
-1
-1
-1
-1
2550
7998
8371
-1
9188
9737
-1
-1
6039
1725
-1
5548
7675
-1
-1
2168
2967
-1
7911
7000
-1
-1
4837
2781
-1
3402
-1
9966
-1
7234
-1
2670
9006
1
-1
-1
-1
-1
3095
5946
-1
-1
1330
1555
-1
6819
9699
-1
6342
9339
-1
1224
1573
6336
5824
5830
-1
-1
-1
-1
8250
-1
2888
-1
-1
-1
1553
-1
-1
-1
2961
131
-1
6940
727
-1
-1
-1
-1
3605
-1
492
9540
4527
-1
7372
6356
8428
7374
6767
-1
6680
-1
-1
782
-1
-1
9216
3695
-1
-1
-1
-1
8260
-1
-1
6388
-1
-1
-1
6769
4756
8431
-1
-1
1815
-1
6717
-1
7732
4141
-1
1231
4255
1944
7496
1117
-1
4789
396
1406
-1
-1
4448
-1
8613
1614
9909
8466
3730
565
9070
-1
-1
-1
-1
3699
7454
78
-1
1037
1671
-1
-1
-1
3276
-1
1335
-1
9148
2645
-1
7793
4839
4013
-1
9283
-1
2736
-1
-1
-1
-1
3710
-1
2045
8727
-1
9892
-1
7931
2022
8828
-1
2812
8723
-1
-1
-1
-1
2411
-1
3318
-1
2047
3140
958
-1
-1
-1
283
999
2348
4957
9243
-1
-1
2274
1546
-1
3115
-1
-1
-1
-1
-1
-1
-1
7335
8761
-1
-1
3482
8461
9356
-1
-1
1877
9260
-1
4145
-1
-1
2275
-1
2666
4468
-1
-1
5105
6289
-1
-1
-1
-1
852
6043
-1
5298
-1
-1
-1
-1
-1
-1
6151
-1
-1
-1
-1
4270
8208
-1
8429
1271
3154
5384
-1
-1
7071
1091
-1
-1
-1
8009
6594
3044
-1
7002
8146
5702
7441
1235
-1
1063
-1
6704
7779
9606
-1
1912
8921
8401
-1
-1
5410
-1
6972
-1
-1
-1
-1
3306
-1
-1
-1
-1
6395
-1
-1
-1
-1
-1
4487
-1
-1
-1
6076
-1
1151
-1
-1
-1
-1
9123
-1
-1
6548
9122
7985
-1
5048
89
-1
-1
8217
1976
-1
8749
9402
4952
-1
-1
-1
-1
-1
8816
-1
1584
4029
-1
7434
-1
5801
1752
-1
-1
-1
-1
-1
8507
-1
-1
61
-1
-1
-1
5229
-1
6101
243
-1
6313
-1
-1
3781
-1
9855
8156
5856
9265
-1
-1
-1
3906
9431
-1
8971
-1
8787
-1
9229
-1
-1
-1
-1
-1
-1
2011
-1
-1
6742
5503
-1
6365
8508
-1
-1
2667
-1
3636
-1
-1
9991
-1
-1
5860
3830
8992
1482
4501
1498
-1
-1
3040
-1
-1
-1
247
-1
6366
5666
-1
3279
-1
-1
6927
-1
6762
3216
-1
2164
-1
4253
8792
-1
-1
-1
7968
-1
-1
-1
-1
5071
6571
-1
-1
789
-1
6178
-1
-1
5683
-1
-1
2350
1895
5724
472
1250
3007
867
1245
-1
6986
-1
6952
-1
8379
265
2174
1308
-1
9495
-1
-1
-1
9389
-1
2929
9734
-1
5882
-1
1518
-1
-1
-1
-1
3434
-1
-1
-1
-1
9831
708
-1
-1
1029
-1
40
9480
-1
-1
6332
-1
-1
-1
-1
-1
1871
-1
-1
2532
-1
6357
6141
-1
80
7912
2427
7321
2514
7253
-1
184
9725
-1
-1
4380
-1
2150
7522
-1
-1
-1
-1
-1
-1
8690
8888
-1
-1
8299
4252
-1
1703
4160
-1
-1
-1
-1
1989
-1
2546
-1
2895
7730
-1
9419
-1
3664
-1
-1
-1
7530
-1
-1
-1
-1
-1
-1
1916
660
1550
6231
7138
-1
-1
-1
-1
-1
-1
4243
-1
-1
9272
7666
-1
736
-1
458
260
-1
-1
5913
2437
-1
-1
-1
2202
3973
-1
7105
-1
4375
4855
-1
1748
513
2903
7609
-1
-1
-1
9588
-1
3238
6932
-1
-1
9930
529
-1
-1
6234
8990
-1
-1
-1
-1
8822
-1
-1
8222
6552
-1
-1
3779
5290
1913
-1
-1
-1
4786
-1
3182
2980
-1
4244
6847
9179
-1
8038
2883
919
-1
-1
107
-1
9993
-1
-1
4877
2837
4039
-1
9696
1472
7934
7980
-1
-1
3912
-1
4460
-1
3896
-1
8271
4860
2769
5269
7657
-1
2562
-1
2371
1090
-1
7981
-1
9467
-1
-1
-1
-1
4194
-1
-1
-1
7685
-1
-1
-1
-1
-1
-1
1193
8245
-1
8331
-1
-1
1274
2405
-1
9581
-1
-1
3408
5537
-1
2073
2001
-1
-1
-1
-1
-1
-1
7182
-1
5910
-1
2257
-1
7638
5268
4294
431
9007
-1
9011
2941
-1
3810
9445
-1
-1
5353
-1
7153
-1
6362
-1
7240
4959
-1
3884
-1
-1
624
4829
4512
-1
-1
7290
3415
6112
9883
29
449
8559
713
7518
7564
8430
1104
1995
4893
7225
6989
-1
7532
-1
-1
-1
-1
-1
-1
4951
8795
-1
2314
7903
6067
-1
-1
9895
7861
-1
-1
-1
-1
-1
553
6862
-1
8728
6628
8186
1720
8068
2479
-1
-1
-1
3633
-1
9309
3204
3510
-1
-1
8851
-1
-1
-1
6364
9441
6582
-1
7239
6292
4982
-1
4425
8818
-1
-1
-1
4394
8354
-1
223
-1
-1
-1
4187
9208
5320
-1
4428
9428
7759
-1
-1
2784
-1
-1
-1
1757
-1
-1
-1
-1
-1
1646
-1
-1
4565
-1
-1
-1
6312
2558
9847
-1
5317
-1
-1
-1
-1
-1
1361
-1
-1
2067
-1
9023
4339
4546
-1
1495
-1
8203
2334
-1
5878
4768
-1
-1
3882
5585
11
-1
7017
-1
-1
-1
542
-1
4738
5510
-1
6390
-1
4221
-1
1650
8726
1833
-1
-1
4856
-1
-1
6103
-1
-1
1453
-1
5507
-1
-1
-1
844
5774
-1
-1
-1
3657
-1
5681
8
-1
3072
-1
-1
-1
-1
-1
4534
-1
-1
-1
7320
-1
4712
-1
-1
1423
-1
7038
594
-1
6547
-1
5066
-1
-1
-1
-1
3360
-1
-1
1101
-1
-1
3218
-1
1923
8679
5244
-1
697
5314
3952
2919
3787
6440
5122
-1
-1
-1
9922
-1
1293
-1
-1
-1
-1
2944
2490
1465
-1
-1
5757
56
-1
-1
8731
-1
-1
4447
-1
4133
1908
-1
233
3909
1982
-1
9315
-1
7066
6981
325
7079
-1
5222
-1
5492
4974
8576
-1
-1
-1
7599
-1
-1
-1
6493
-1
-1
3200
9617
4737
6325
402
-1
-1
-1
-1
-1
-1
-1
-1
1197
-1
1626
-1
8126
7012
-1
6389
8473
-1
-1
-1
3648
2806
-1
-1
-1
-1
-1
2304
-1
-1
-1
-1
2615
-1
-1
-1
-1
-1
-1
7168
6920
-1
7699
-1
7167
6780
9189
-1
-1
-1
521
2352
-1
2363
-1
4054
1730
3236
3923
5156
7686
798
8641
-1
-1
8936
-1
-1
-1
3681
6515
-1
576
6560
7302
-1
2286
3429
-1
5831
-1
3949
-1
-1
9112
-1
3449
-1
-1
2626
6931
-1
-1
1751
8699
9022
-1
-1
-1
-1
-1
-1
-1
-1
-1
-1
1802
2351
4811
9913
2912
-1
2101
-1
7792
-1
-1
9522
2092
9704
7255
-1
-1
7367
6495
596
6121
7684
-1
-1
465
3197
2435
7065
-1
-1
-1
-1
-1
-1
-1
-1
9682
3268
7705
9973
-1
-1
-1
-1
8887
-1
5719
-1
-1
-1
-1
-1
-1
7468
-1
1296
1717
8374
-1
6115
4583
4283
-1
2772
5005
-1
-1
-1
715
-1
4048
-1
-1
2129
-1
-1
-1
162
-1
214
8896
7544
8701
4859
-1
7960
-1
1103
9081
5984
-1
957
2533
-1
6778
1202
1755
4894
-1
4102
7820
-1
-1
-1
-1
-1
-1
-1
2877
-1
-1
-1
2340
2540
-1
-1
-1
-1
6801
-1
-1
9496
-1
6598
-1
-1
-1
3703
-1
-1
7764
2333
-1
9014
-1
-1
-1
-1
-1
-1
-1
5052
-1
7642
212
781
-1
-1
921
-1
-1
-1
9592
-1
5181
9146
5257
-1
8662
384
-1
-1
310
5123
-1
-1
3598
1522
2231
-1
-1
-1
-1
369
5791
-1
5872
-1
-1
-1
-1
7602
-1
-1
-1
2808
-1
-1
4320
-1
5484
2049
-1
-1
-1
1058
-1
-1
-1
-1
9161
-1
5296
81
2585
1016
5833
3827
-1
1605
939
3705
1305
8084
-1
6888
-1
-1
3364
-1
-1
-1
-1
-1
9949
-1
-1
-1
9382
-1
3717
-1
5844
-1
-1
-1
2536
-1
-1
-1
6454
-1
8356
-1
2723
-1
-1
-1
-1
-1
-1
8254
2166
-1
6211
4359
-1
4940
2425
-1
-1
-1
8763
7378
4125
150
-1
4991
6415
3237
6881
12
551
9182
600
-1
8947
6575
7117
-1
3383
-1
9360
-1
-1
8345
-1
7634
-1
6530
7760
-1
-1
-1
1430
-1
-1
-1
5203
-1
7259
-1
-1
-1
3921
8211
5362
-1
-1
-1
6719
-1
-1
-1
1551
3541
1436
-1
5962
-1
1960
-1
-1
-1
4809
-1
6036
4973
3602
1479
-1
-1
-1
-1
-1
-1
2659
4569
8841
-1
-1
-1
-1
-1
-1
-1
6138
9637
5877
9036
-1
-1
-1
7198
9365
-1
-1
-1
-1
8671
-1
5922
7171
-1
93
-1
3435
809
-1
3369
441
6978
1484
5428
-1
9935
-1
7768
-1
7962
-1
3163
-1
7388
-1
-1
4700
-1
4992
-1
2232
-1
-1
-1
-1
-1
7593
3230
9263
2069
-1
79
-1
8793
776
-1
-1
2677
-1
-1
-1
1160
-1
4788
7332
1218
6348
-1
-1
6741
-1
-1
-1
906
-1
-1
-1
912
2064
-1
-1
-1
-1
-1
-1
-1
-1
-1
-1
111
-1
2880
-1
9224
-1
1816
-1
-1
-1
4352
-1
1770
-1
339
-1
7754
5928
3545
-1
-1
-1
-1
4004
-1
9055
1021
-1
-1
-1
-1
4623
5557
1655
7455
-1
8305
2904
2296
-1
4793
-1
-1
4740
278
1263
2157
-1
-1
-1
-1
1981
-1
-1
1354
6272
-1
-1
-1
3955
-1
8775
-1
2978
2288
3217
2641
-1
-1
5207
-1
-1
5667
4570
-1
-1
-1
2678
-1
3296
7132
2843
-1
-1
1977
-1
7682
7559
7030
9268
9972
9820
-1
-1
-1
-1
-1
8140
4703
6618
-1
5437
9442
5472
-1
-1
-1
-1
8195
4886
-1
-1
8554
-1
8383
8900
-1
9035
-1
7576
-1
-1
-1
-1
4863
4469
-1
-1
6773
7651
7232
-1
5360
-1
9230
5617
-1
-1
5120
8664
-1
-1
8779
1850
-1
-1
-1
-1
9484
429
5248
-1
1576
-1
4483
833
658
5114
9897
-1
-1
-1
1878
6949
7688
-1
-1
-1
9111
-1
6197
3622
1412
-1
-1
-1
1811
-1
1881
3343
7452
-1
-1
8381
-1
294
2900
-1
7585
-1
-1
-1
9547
-1
2813
-1
-1
-1
2446
6393
-1
-1
-1
7789
-1
1948
7563
-1
-1
-1
7548
-1
-1
2323
-1
7010
7420
8745
3638
6980
-1
4458
528
2966
6324
-1
802
1185
413
-1
4215
2255
7902
8496
-1
-1
-1
2579
-1
9390
6537
5890
1894
141
7520
7424
-1
2990
7043
3585
-1
1627
-1
-1
4862
-1
-1
-1
846
-1
4444
-1
-1
3005
-1
-1
-1
7783
9986
-1
-1
7057
-1
-1
6817
632
-1
-1
-1
7743
-1
8975
-1
-1
9130
-1
1342
-1
2539
-1
-1
-1
7298
1105
1181
8104
8847
-1
7746
-1
-1
6536
-1
-1
-1
-1
8837
2512
-1
5118
7500
-1
9763
-1
-1
5157
6135
-1
-1
-1
-1
-1
5310
-1
2210
1204
-1
8954
-1
7003
2864
-1
-1
-1
5888
4476
-1
3558
-1
6447
-1
8215
-1
5761
-1
3008
771
-1
-1
5659
-1
943
-1
6328
8414
3294
5059
-1
-1
-1
-1
6094
4262
-1
-1
8602
9777
-1
-1
3010
-1
-1
3060
-1
-1
-1
9698
5028
387
-1
6439
8488
-1
3166
-1
-1
9844
9037
-1
961
5159
-1
-1
6992
8672
-1
-1
-1
4885
-1
-1
1158
-1
-1
6900
-1
-1
2816
-1
743
-1
-1
6590
-1
-1
-1
6400
6568
4046
-1
-1
-1
-1
-1
-1
-1
4680
6806
-1
-1
8455
-1
-1
-1
2126
4754
792
2457
8180
-1
-1
9660
-1
7786
7517
-1
5560
-1
3806
2510
-1
-1
1168
-1
-1
-1
1463
9751
1929
-1
-1
8317
-1
-1
2935
3904
-1
3804
7697
1887
-1
4429
8033
-1
6180
1839
9785
3270
-1
4878
-1
6706
4742
1754
-1
-1
-1
3593
-1
9286
-1
-1
8512
-1
4367
236
2177
2428
2898
-1
5174
6201
7295
3829
6813
-1
2776
635
7738
-1
9105
-1
-1
-1
-1
73
-1
-1
-1
9653
-1
5796
-1
-1
-1
5715
-1
8366
3900
-1
-1
-1
2017
5000
2023
-1
-1
-1
-1
4865
-1
9328
4968
-1
-1
-1
-1
-1
-1
5226
-1
-1
-1
-1
-1
7727
-1
-1
-1
1078
5867
-1
4731
5110
5425
1284
-1
-1
-1
6538
6830
-1
-1
-1
5858
-1
-1
-1
-1
3744
6695
7387
9794
964
-1
-1
-1
1656
2182
-1
1798
8897
1951
-1
6158
6679
-1
8209
-1
4418
2127
-1
-1
-1
7193
-1
-1
120
3130
877
-1
-1
-1
-1
3394
-1
2324
-1
904
-1
-1
-1
4642
8538
4693
1440
5321
1695
-1
4918
-1
292
6970
-1
-1
376
3156
-1
7125
7626
-1
9483
-1
-1
9546
918
-1
-1
-1
1519
-1
5964
7031
-1
1965
766
-1
5278
-1
-1
4138
7846
-1
1753
5050
6387
5969
2161
8713
-1
-1
4087
-1
-1
5501
-1
-1
6764
9084
-1
9241
-1
5938
4143
3875
-1
4361
-1
9775
-1
2965
9979
1228
-1
-1
-1
4400
6948
3913
7919
-1
2454
5358
-1
524
5567
5183
-1
-1
9478
2498
8309
-1
-1
3150
1278
1837
-1
-1
8547
2132
4550
-1
754
6612
-1
-1
7398
4558
4638
1203
-1
7049
1109
9632
6637
3471
3102
6934
5058
-1
8665
-1
-1
8603
-1
-1
-1
-1
5307
7467
7721
9051
-1
-1
1443
2992
8277
-1
2715
2293
8465
8002
-1
-1
2440
3013
-1
1713
-1
-1
383
-1
6492
8919
692
5408
-1
1769
-1
2337
4767
7241
2362
7011
4825
-1
-1
-1
-1
-1
-1
5987
-1
-1
6402
-1
4531
-1
6468
1487
3470
6149
7848
5121
8588
-1
4006
9907
8390
9877
4481
-1
-1
2741
8826
352
3567
9415
-1
3505
-1
1303
5851
8093
6613
-1
-1
3371
2556
-1
-1
-1
-1
-1
2366
4519
-1
-1
-1
-1
832
3373
9373
-1
929
-1
-1
-1
8716
7350
-1
-1
1333
-1
3223
3685
-1
2473
-1
3450
-1
-1
628
-1
1821
8611
-1
9276
4658
2861
-1
4544
-1
9346
-1
-1
9965
4994
-1
8668
3427
780
-1
9915
-1
371
7843
-1
3679
-1
8185
-1
-1
333
-1
-1
6991
6480
9579
3048
-1
-1
5787
3858
-1
-1
-1
-1
8111
-1
5232
816
-1
4907
5670
5344
-1
9149
5246
1127
9999
-1
814
-1
1257
9240
9752
3286
-1
-1
1786
4921
7120
4520
8610
3417
-1
-1
-1
4094
-1
9822
-1
2322
-1
-1
-1
-1
-1
-1
-1
5868
3855
3422
-1
-1
-1
3211
-1
7
9412
-1
-1
3066
-1
329
9361
-1
-1
379
-1
-1
-1
7854
-1
-1
-1
-1
9349
-1
5558
-1
-1
-1
6807
-1
7756
-1
2141
-1
2860
7233
7370
-1
9671
914
6620
9953
6432
8274
-1
8342
4185
4747
-1
-1
-1
-1
8457
48
2217
-1
-1
5247
5754
-1
-1
-1
8130
-1
-1
4273
-1
5520
-1
-1
-1
-1
2787
1020
2599
-1
8264
9590
-1
7869
6221
-1
8373
7802
271
-1
-1
38
989
306
-1
-1
4577
-1
440
-1
-1
-1
6899
6965
-1
7819
-1
6875
9280
-1
-1
2019
5333
2464
8128
-1
-1
-1
7451
6285
7750
-1
9544
-1
-1
-1
253
7562
-1
-1
7719
900
8164
-1
-1
-1
-1
297
-1
-1
3226
730
-1
409
1718
9633
7390
319
-1
-1
-1
-1
5275
2379
5854
2243
-1
572
-1
3022
5144
-1
6346
8289
-1
-1
-1
75
9667
-1
543
-1
-1
268
-1
-1
-1
9163
-1
-1
9322
9255
9504
-1
4699
5897
-1
-1
-1
-1
7700
-1
3872
-1
-1
2303
3689
6896
-1
-1
-1
-1
2884
-1
6811
-1
-1
-1
-1
9440
-1
4081
2280
-1
-1
3711
-1
2605
7653
5267
5529
-1
-1
-1
-1
677
-1
-1
-1
5869
-1
4651
-1
-1
4752
6895
6182
3756
-1
-1
-1
-1
9878
182
1524
7380
-1
-1
-1
5206
-1
-1
8272
8506
-1
-1
4560
-1
1970
644
3606
3642
4319
-1
1560
6246
6759
5635
-1
-1
4955
-1
1364
8503
1924
-1
8567
6240
-1
2847
-1
-1
6887
-1
2763
3353
-1
-1
4584
-1
9720
-1
-1
-1
-1
6730
-1
1320
-1
1558
-1
8864
-1
5916
6455
9158
-1
-1
-1
-1
3498
5675
-1
8925
1585
6487
7333
6134
5271
9210
3106
1404
-1
1312
982
-1
5658
-1
-1
4962
-1
272
-1
-1
4552
-1
9562
-1
9814
-1
7287
2681
-1
-1
-1
-1
9585
7773
4020
5153
9194
-1
5985
1239
-1
-1
7586
-1
4484
-1
-1
-1
-1
-1
-1
3076
-1
-1
4946
-1
-1
5466
-1
-1
-1
1943
4084
9394
2706
-1
-1
-1
-1
-1
-1
-1
-1
-1
6315
-1
8968
839
-1
5817
-1
4784
-1
-1
7354
-1
1622
1961
-1
-1
1883
-1
6821
-1
-1
467
-1
8207
8982
-1
-1
-1
8110
1618
-1
-1
5901
-1
4230
-1
9723
-1
1319
-1
1247
9491
-1
8135
-1
5239
-1
5376
1516
8877
-1
-1
4043
1575
3405
-1
-1
1321
-1
5514
-1
5109
6174
4640
-1
8066
-1
1390
-1
-1
-1
-1
5875
-1
1413
5821
-1
6842
2261
8591
4434
3540
6418
-1
-1
-1
1939
-1
9695
6918
-1
-1
5926
-1
2055
-1
-1
8831
-1
-1
7185
5723
6355
-1
-1
-1
-1
6124
-1
-1
-1
4368
5074
6845
3135
-1
-1
3828
9890
-1
-1
7525
4171
-1
8717
-1
5089
-1
8754
842
1163
-1
-1
2326
-1
-1
-1
-1
695
1238
-1
2373
3641
9454
6270
-1
7742
2369
8695
-1
-1
4139
8077
-1
-1
4812
4266
-1
3841
-1
3515
8335
5473
8597
6860
-1
8758
-1
-1
3213
6958
-1
1492
5192
8159
-1
5914
-1
-1
-1
2070
-1
-1
1647
8005
31
-1
5309
-1
353
-1
-1
-1
-1
-1
3058
9518
-1
4494
1569
2764
6316
2374
-1
1953
4714
7844
-1
6085
5210
-1
-1
4588
3905
-1
-1
-1
8021
-1
8781
7369
-1
-1
9174
-1
5553
-1
6461
5847
-1
-1
256
-1
-1
3610
-1
3611
2926
7765
4972
483
-1
6907
-1
-1
-1
3813
-1
9145
-1
7811
-1
-1
-1
-1
8540
4874
7936
-1
-1
9575
6600
322
-1
-1
4026
2695
6441
6662
8606
-1
-1
-1
-1
-1
-1
7976
-1
7855
-1
2469
-1
6500
-1
-1
2531
9120
3467
8178
-1
3151
1860
-1
199
406
3755
-1
-1
-1
9574
2194
5325
4251
-1
-1
8160
-1
-1
477
-1
-1
903
-1
9790
446
-1
1588
8943
838
-1
6210
-1
-1
8785
8539
4045
-1
-1
-1
2902
5306
-1
-1
-1
-1
-1
-1
4223
6417
-1
3876
3979
1471
3673
1539
5661
3594
-1
-1
-1
-1
-1
-1
888
-1
6213
-1
-1
9936
1825
-1
8385
4926
5168
8652
5934
-1
887
-1
-1
-1
4920
-1
-1
-1
1169
4347
-1
217
6087
7871
8330
-1
3849
4353
-1
6483
9976
9721
-1
-1
-1
5940
2105
-1
-1
-1
1637
-1
7274
2744
-1
-1
4080
-1
-1
4766
7095
200
4629
-1
-1
-1
723
6597
9796
-1
6261
-1
2252
6237
6118
-1
7527
-1
8694
-1
-1
-1
-1
-1
5336
-1
-1
216
3740
7977
4010
899
1042
7821
1183
-1
-1
1161
4199
-1
7588
-1
9968
4937
-1
4632
1450
-1
5045
9358
5711
-1
6892
9842
4881
-1
-1
-1
3666
8108
7829
7673
-1
8157
-1
7311
4575
3837
-1
-1
-1
-1
6185
9308
-1
-1
-1
15
-1
5744
-1
461
5924
4676
-1
-1
6745
-1
-1
9911
-1
-1
5800
7795
7801
3222
6485
-1
-1
-1
7076
-1
-1
-1
1065
7704
-1
974
-1
-1
8490
-1
-1
-1
2662
2778
-1
3569
-1
1917
3484
-1
8227
6526
581
-1
-1
-1
5266
5786
6863
5853
-1
-1
7971
-1
-1
-1
-1
1549
-1
-1
-1
5319
-1
-1
6305
-1
-1
-1
-1
4701
6897
7582
-1
2421
-1
-1
8955
4224
-1
-1
-1
-1
9947
-1
-1
7028
6950
1375
-1
2065
8633
5561
2493
2918
-1
6707
4028
-1
7575
6766
5412
6664
5346
4665
-1
-1
-1
1814
3100
-1
-1
2136
-1
-1
-1
4540
-1
8909
-1
-1
1868
-1
-1
-1
295
-1
2791
6844
5088
2183
-1
-1
-1
4688
5019
-1
-1
5454
-1
6168
5090
9645
1267
-1
6360
-1
-1
5375
-1
-1
9303
-1
338
1704
-1
6810
-1
6291
9104
-1
3248
6450
9304
3645
7466
8617
-1
-1
5423
6375
-1
-1
4407
-1
-1
-1
7963
5101
-1
2933
-1
8007
6471
-1
-1
64
5493
-1
-1
8959
-1
-1
-1
2712
9150
2701
-1
2078
-1
7540
6549
1402
-1
-1
7226
1583
7363
-1
7202
-1
2345
-1
-1
-1
-1
-1
-1
-1
-1
-1
7832
4385
-1
-1
-1
-1
-1
8323
-1
18
-1
3174
-1
1535
9811
-1
734
-1
5734
342
6051
1779
-1
5462
-1
6586
7624
-1
-1
-1
-1
-1
7650
4237
1547
5009
2062
-1
-1
-1
6407
8003
-1
6827
-1
-1
-1
7327
370
-1
-1
-1
8885
-1
35
2442
489
-1
-1
-1
1724
-1
-1
8220
-1
7774
-1
6682
-1
3247
-1
-1
969
6953
7897
-1
-1
2611
-1
427
-1
-1
-1
6631
8645
-1
-1
-1
-1
-1
102
-1
9944
-1
-1
9666
-1
-1
621
4326
9528
8899
-1
-1
2098
-1
1690
6894
-1
611
3531
-1
-1
4801
-1
7415
-1
-1
-1
-1
-1
8836
-1
3199
-1
-1
818
-1
-1
4713
-1
4717
-1
-1
2998
9958
5607
-1
2270
3998
-1
8993
2416
-1
-1
-1
-1
5925
-1
4559
1143
-1
-1
-1
7262
1097
-1
4288
2952
1896
8310
7814
-1
-1
4399
-1
2104
8967
1397
-1
710
-1
-1
3590
-1
-1
4868
7552
1401
335
-1
-1
-1
7592
4594
-1
7537
-1
140
209
-1
473
3441
-1
-1
5452
-1
-1
-1
9202
-1
-1
2931
-1
2135
5574
-1
-1
8840
-1
-1
-1
-1
4269
5240
3148
-1
-1
178
-1
-1
3890
1968
-1
7747
4639
-1
7928
-1
5644
-1
-1
1152
-1
-1
8571
2331
-1
6243
3793
-1
8326
-1
-1
5397
4579
1986
5068
5542
4190
749
-1
-1
-1
-1
6449
8184
3932
865
-1
-1
3122
-1
4960
4486
8388
7407
221
-1
2094
5591
706
-1
9748
8711
-1
-1
-1
332
6109
-1
3754
-1
-1
-1
-1
-1
5919
7063
74
-1
6555
745
-1
-1
-1
496
-1
-1
28
-1
-1
-1
-1
-1
-1
-1
-1
-1
-1
2858
9887
-1
3426
5704
5575
2222
8472
-1
3387
2853
-1
6156
-1
2984
3036
1034
-1
6783
-1
-1
-1
-1
-1
-1
-1
5598
8421
-1
-1
-1
-1
-1
3393
3396
-1
-1
-1
7086
97
-1
8237
8702
-1
-1
759
-1
-1
-1
-1
3075
3833
-1
-1
1179
4041
4142
9180
-1
7892
-1
7058
-1
-1
7080
2395
2409
-1
636
-1
7566
1500
7597
-1
-1
4318
2652
7227
1841
-1
-1
3397
1186
-1
1889
-1
-1
-1
-1
4455
8884
-1
-1
-1
8842
8605
-1
-1
-1
-1
7440
-1
-1
-1
5106
-1
9438
8790
3456
-1
-1
7322
-1
-1
-1
-1
2329
8622
-1
-1
5356
-1
-1
-1
2102
-1
6110
3925
6491
-1
1577
8859
-1
8027
5697
-1
-1
-1
-1
287
-1
8123
4553
5790
8031
-1
6691
375
-1
-1
-1
-1
9353
4131
-1
-1
1686
-1
744
4848
-1
4763
2748
3275
-1
-1
9648
9945
9530
6473
-1
7477
-1
-1
-1
3141
-1
-1
-1
-1
4668
-1
4984
5597
1712
-1
-1
6648
8929
-1
-1
-1
9367
891
478
-1
8359
6014
-1
7884
-1
9974
7329
-1
-1
-1
-1
-1
5093
1691
-1
-1
-1
-1
-1
-1
5182
-1
4653
3809
-1
-1
3481
-1
1052
2557
2088
3832
9600
-1
-1
-1
6700
1188
-1
3016
4514
-1
8100
4890
2219
267
119
7330
-1
-1
4436
-1
698
6277
4649
181
-1
-1
2037
1983
2561
5453
-1
-1
2494
-1
-1
3537
-1
-1
3783
1699
2099
7323
7545
8152
-1
8803
3094
4467
145
560
-1
9745
-1
298
-1
-1
2173
-1
-1
8328
-1
-1
9805
-1
949
1988
9214
5703
5783
-1
-1
-1
8139
4568
-1
9942
-1
2307
-1
6020
-1
5489
3782
3198
-1
-1
3773
-1
-1
9501
-1
1625
-1
4669
-1
1964
-1
-1
6595
-1
5881
-1
3221
-1
-1
8389
-1
5234
7538
-1
8945
7091
7143
6617
2128
-1
7015
8532
-1
2959
197
5788
8573
-1
-1
-1
5611
-1
-1
-1
-1
700
2824
-1
-1
9774
-1
9257
5873
-1
8233
-1
-1
401
4495
3822
-1
-1
1955
5041
-1
-1
-1
-1
1806
9764
8042
-1
9282
4047
6469
9476
-1
1654
-1
-1
5394
-1
-1
-1
-1
-1
-1
-1
-1
8964
3528
-1
-1
-1
8744
-1
3132
-1
656
9465
3701
-1
3443
2637
9985
7632
-1
-1
3290
-1
-1
4498
-1
168
-1
-1
-1
-1
-1
2119
609
-1
-1
4090
8106
4377
7862
-1
8581
5085
-1
6599
-1
-1
-1
-1
4597
9802
-1
224
-1
-1
830
-1
3715
-1
-1
9044
7761
-1
3749
5689
-1
9132
-1
5424
5264
2598
4851
457
-1
3119
-1
-1
1106
-1
1114
9838
9125
-1
-1
3389
-1
1403
3215
5855
3278
-1
-1
6824
-1
-1
7992
3229
-1
301
-1
8224
-1
-1
-1
-1
-1
738
6797
190
-1
872
-1
285
-1
450
-1
1358
-1
5603
-1
4149
-1
157
-1
-1
9485
3277
4388
-1
7342
8255
-1
3126
9250
5345
-1
-1
-1
9833
4111
2934
8855
6088
-1
6096
-1
-1
470
-1
-1
-1
9762
-1
5982
-1
-1
3825
3811
3564
6870
-1
7026
-1
4417
5139
-1
4678
9694
4735
-1
9614
-1
5371
-1
3845
3315
-1
-1
9099
-1
6075
-1
-1
113
9676
2134
7662
-1
2783
-1
-1
-1
-1
5930
-1
-1
8762
6171
7359
8320
9209
7725
9618
-1
3049
-1
-1
8999
-1
-1
-1
-1
455
-1
6098
735
8497
1978
4787
-1
-1
-1
-1
-1
8686
5448
-1
-1
3764
-1
-1
1649
-1
4673
-1
1890
-1
-1
3039
6233
-1
5845
1026
9899
5653
-1
-1
-1
-1
1328
2855
4826
6196
9305
-1
-1
9948
3675
1502
-1
-1
559
8045
3262
-1
5288
620
6132
1543
8799
-1
6351
8977
6219
-1
-1
2722
2713
-1
7487
6685
8024
-1
-1
-1
-1
-1
-1
-1
3477
-1
-1
9294
-1
9138
-1
6746
-1
-1
-1
-1
-1
-1
-1
-1
231
1819
-1
1820
767
3
-1
-1
-1
-1
-1
3543
7990
7447
9939
9316
-1
9733
1327
7042
-1
-1
-1
4298
6694
9970
6465
2987
-1
-1
3897
-1
-1
-1
4014
-1
7033
3147
2008
-1
9463
-1
5883
1711
9957
5138
8097
8210
-1
2415
-1
9538
-1
-1
6975
4857
6466
-1
-1
-1
5663
2227
4682
1357
-1
3630
3428
1171
-1
1828
-1
-1
4969
-1
438
-1
-1
3801
8302
986
5693
-1
8523
-1
-1
5490
-1
-1
7847
-1
8655
7926
-1
-1
1804
-1
-1
8794
4235
9621
9879
-1
-1
4891
7368
3212
-1
-1
-1
2680
7085
8269
1399
2376
-1
5905
7907
4115
9040
-1
-1
9173
-1
5225
-1
-1
3794
7645
-1
-1
-1
-1
-1
-1
2683
7005
3128
5880
-1
7984
8987
6777
3761
-1
-1
9881
-1
6734
7694
-1
4586
950
4967
4622
-1
-1
-1
2541
-1
3519
-1
-1
-1
4828
-1
-1
-1
9809
134
-1
2737
8898
4306
4120
-1
7436
-1
1997
4490
5149
3802
-1
-1
2015
-1
8136
-1
1675
8016
4256
4761
1866
6254
4508
-1
9744
2705
-1
5956
-1
5438
8948
-1
-1
6086
-1
-1
-1
9430
-1
-1
-1
-1
2921
7097
-1
-1
-1
-1
5494
5152
-1
8436
-1
9207
1998
-1
-1
3609
4480
-1
-1
-1
-1
-1
7581
3637
-1
-1
2299
-1
-1
5740
3924
-1
8958
561
-1
6938
9955
9041
-1
4842
4535
1797
6486
2686
-1
4263
5665
-1
8985
947
-1
5629
6227
-1
-1
7098
234
-1
9393
-1
-1
3339
5363
1353
-1
-1
-1
1759
-1
-1
444
8448
8788
5165
3184
8813
2426
2634
1062
1040
4730
5316
9788
3578
9459
1198
9026
3577
-1
-1
-1
8437
9259
-1
9998
-1
-1
-1
5671
-1
266
-1
-1
-1
2663
8516
5516
-1
-1
-1
8382
-1
6825
-1
5330
-1
-1
-1
6517
-1
-1
1155
-1
-1
1241
-1
1930
-1
5655
-1
391
-1
8752
-1
5623
9714
-1
-1
8886
3797
-1
-1
6072
8635
-1
-1
2819
5300
3433
8234
6467
-1
5407
9324
1396
2368
-1
-1
346
2594
55
-1
6915
-1
-1
-1
-1
2155
-1
4564
4220
-1
-1
5798
2279
-1
-1
5209
2735
-1
-1
9047
-1
7856
-1
-1
5154
-1
-1
-1
-1
5125
8595
-1
-1
-1
3863
1509
8420
752
-1
-1
-1
-1
-1
1144
753
3626
2406
3263
8872
549
-1
8616
2856
-1
4624
2471
186
1897
-1
7639
5400
1864
8337
-1
-1
-1
-1
5470
-1
-1
-1
-1
1882
4928
-1
-1
-1
-1
1410
-1
1317
8893
-1
3555
5245
-1
9131
8989
-1
-1
-1
9610
724
4439
2297
8479
720
54
8467
-1
-1
7425
1381
-1
3309
-1
-1
9926
5418
1326
-1
-1
9570
-1
-1
1663
7486
9385
41
9137
6728
-1
-1
-1
-1
4923
8001
-1
2263
-1
-1
3051
-1
7228
-1
-1
-1
8838
403
-1
2178
9829
5839
479
-1
6543
1607
-1
-1
-1
-1
-1
-1
6516
-1
-1
8261
356
6659
351
-1
-1
-1
9201
8678
1069
2584
2899
-1
5526
6710
-1
4075
-1
-1
8638
-1
-1
-1
-1
894
-1
8830
-1
-1
-1
-1
1611
1324
1468
-1
6255
6822
-1
4037
1556
-1
1685
-1
3650
9058
-1
389
-1
4843
7161
-1
5674
4376
-1
-1
-1
151
-1
-1
2690
-1
-1
-1
-1
3227
4970
9401
-1
-1
2993
-1
-1
-1
6837
3090
-1
-1
9508
-1
8839
-1
8406
-1
-1
-1
4539
871
160
7316
5530
-1
-1
-1
19
-1
-1
824
4981
-1
-1
8515
9165
-1
6458
-1
-1
829
7206
-1
1007
192
3873
1857
7384
-1
2985
7300
-1
-1
-1
-1
-1
-1
-1
-1
-1
9573
-1
-1
-1
-1
-1
-1
5624
6202
-1
7863
-1
-1
-1
-1
-1
-1
5721
4493
1586
2976
4888
2138
9418
-1
3582
-1
-1
9716
-1
1003
2717
9406
-1
-1
4097
220
3807
8698
4432
9873
-1
-1
-1
-1
-1
5117
917
-1
9687
-1
-1
-1
-1
884
-1
1356
-1
2066
9649
3919
-1
-1
7921
1041
-1
-1
9816
3157
-1
4095
5403
-1
6114
5094
-1
-1
9369
-1
4124
3411
404
8145
-1
7845
-1
2269
-1
-1
-1
-1
2086
1596
870
6603
4289
-1
1045
8014
-1
-1
-1
-1
7371
3291
-1
9940
-1
-1
-1
-1
7616
-1
-1
-1
3486
828
9643
-1
5033
5430
-1
4065
3646
2482
4876
4333
5270
-1
1033
373
990
-1
1297
-1
-1
-1
-1
5126
1249
-1
8513
9450
3938
1266
-1
6133
-1
1851
-1
5999
5289
-1
-1
-1
4092
-1
3460
4898
-1
-1
-1
8574
-1
6926
-1
-1
-1
2506
9275
8511
-1
770
7947
3751
2441
9200
-1
7110
4771
-1
1172
-1
4732
4804
-1
640
7446
-1
-1
-1
4909
-1
1460
-1
-1
-1
8107
2647
5632
-1
4174
-1
-1
-1
6376
-1
-1
705
6308
5993
4457
2612
8637
3356
-1
8860
5828
1230
-1
-1
-1
-1
-1
1590
1015
3735
8636
5899
-1
-1
-1
-1
1470
-1
7177
206
-1
510
-1
-1
-1
8422
-1
-1
-1
-1
4892
-1
-1
-1
-1
-1
3725
-1
7345
-1
-1
6758
5957
-1
-1
-1
-1
-1
-1
-1
-1
-1
2305
-1
4990
-1
1910
7385
4112
7614
2392
-1
8683
-1
-1
-1
2617
-1
4905
1456
4521
-1
9038
-1
607
7625
-1
-1
-1
408
-1
-1
8946
-1
2504
8316
-1
5082
7511
-1
5461
5566
4505
-1
-1
5311
6587
1093
8878
987
2100
-1
1352
1898
-1
-1
5998
6527
8660
-1
-1
-1
9685
3819
9815
-1
-1
-1
125
-1
-1
3214
-1
-1
-1
3333
-1
8395
-1
963
-1
4415
9601
5513
5441
4645
-1
-1
2309
-1
-1
-1
-1
-1
8325
2854
-1
-1
-1
-1
9856
-1
7478
2552
8083
-1
5115
6756
6354
-1
6459
6539
-1
-1
-1
2975
-1
3453
970
-1
-1
3161
-1
-1
5528
-1
4442
-1
4183
6859
861
-1
-1
324
-1
-1
3556
2054
4554
1683
-1
-1
1130
6203
2151
8283
2893
5132
8201
-1
-1
3176
-1
-1
9008
-1
-1
3317
-1
109
9919
-1
-1
-1
-1
1570
501
-1
-1
4271
2578
3464
5431
-1
2057
6520
-1
-1
149
7560
-1
-1
-1
5299
8048
7211
-1
6105
3989
-1
-1
8806
-1
8739
-1
-1
5952
-1
6654
-1
6034
-1
-1
9511
-1
8600
5443
8251
841
-1
-1
-1
1954
3164
-1
-1
-1
-1
-1
807
7087
6941
-1
127
2868
1541
-1
8978
327
8504
-1
6172
-1
-1
6410
8485
8480
-1
-1
-1
-1
-1
-1
-1
6891
-1
-1
-1
-1
3302
1346
-1
5072
-1
1793
4935
-1
7621
296
1548
8696
7749
82
-1
-1
-1
-1
-1
-1
-1
978
-1
-1
-1
-1
-1
-1
8528
6170
-1
3947
-1
1628
4581
-1
5540
-1
2140
910
-1
-1
-1
-1
6258
-1
-1
1515
-1
6242
-1
9142
-1
1863
-1
941
-1
8169
4604
8432
712
1722
2248
897
9344
1467
6831
5904
3101
-1
-1
-1
108
2209
4119
7886
-1
-1
8051
2547
8407
-1
-1
859
5619
3707
-1
-1
-1
-1
-1
7513
-1
3803
1191
320
-1
7396
563
5104
1594
-1
9446
8200
-1
-1
412
556
9025
-1
9514
-1
-1
-1
-1
-1
2021
-1
-1
-1
797
-1
4819
3341
3898
7126
7906
-1
8598
-1
1732
456
-1
6771
2623
7722
5887
-1
8853
-1
-1
-1
7019
3728
-1
8226
-1
8397
-1
-1
7286
-1
2577
9306
-1
2272
-1
2353
-1
7619
-1
-1
8589
8495
9978
-1
129
9015
2586
8418
-1
6616
7029
-1
-1
9525
7501
5031
-1
6422
8934
-1
4948
-1
9292
471
-1
-1
-1
4523
-1
1697
-1
-1
6799
7281
-1
9559
-1
1334
-1
5294
-1
-1
-1
-1
5190
-1
-1
4228
4598
-1
5738
-1
2190
-1
9362
8410
-1
4672
4719
9002
7516
-1
-1
4605
1343
-1
4770
-1
-1
6647
7222
5348
-1
5177
-1
2789
-1
-1
8517
-1
-1
4664
5643
5976
-1
-1
7531
9905
-1
1599
5191
6784
-1
2766
106
-1
-1
-1
-1
4233
-1
-1
1963
194
-1
-1
8405
-1
-1
6436
-1
6160
-1
-1
994
-1
-1
-1
-1
-1
8415
-1
5971
-1
-1
-1
5547
-1
5795
-1
-1
3133
7481
7600
-1
-1
-1
8426
-1
-1
-1
9072
2765
-1
-1
4510
-1
-1
7392
-1
5678
-1
-1
5377
4082
6352
-1
-1
-1
-1
2408
-1
-1
-1
59
2775
-1
9016
-1
-1
7191
2995
7935
7943
4686
626
8046
-1
-1
-1
-1
9735
-1
-1
-1
8821
-1
-1
7072
9061
8708
-1
3381
9228
5932
263
8733
-1
8071
-1
3620
5947
8626
9882
-1
-1
7060
-1
-1
-1
-1
-1
9457
-1
-1
6073
647
-1
-1
5822
-1
-1
-1
1057
1771
3378
3771
-1
3391
-1
8298
7753
8666
-1
-1
-1
2838
-1
-1
-1
-1
-1
-1
-1
-1
-1
-1
-1
6903
6622
-1
-1
-1
6464
9488
-1
5219
-1
-1
7115
-1
-1
85
-1
-1
8367
-1
9085
-1
-1
451
3308
9166
-1
-1
-1
-1
7406
3871
-1
3718
-1
4356
662
9187
-1
-1
4164
-1
-1
7107
1445
-1
-1
-1
-1
6514
6216
9766
2549
880
2714
-1
-1
-1
-1
-1
-1
-1
-1
-1
-1
-1
-1
7050
4254
86
-1
1818
547
-1
-1
-1
2682
-1
-1
-1
-1
-1
-1
-1
9348
-1
-1
-1
-1
7601
6544
-1
2964
4810
9042
-1
-1
-1
9625
-1
-1
9765
3563
-1
7432
-1
-1
-1
1992
976
174
7210
-1
4445
-1
-1
8519
9656
2950
2462
-1
-1
-1
8155
3507
5304
6423
696
-1
-1
-1
3244
4506
515
-1
-1
-1
9159
-1
2609
-1
-1
2936
5816
-1
-1
5095
8732
2025
2629
-1
-1
-1
3852
9658
6814
-1
-1
-1
9709
6967
825
-1
8194
-1
-1
9110
-1
8114
-1
790
9127
-1
8010
879
-1
9213
-1
7965
-1
-1
1180
3526
-1
-1
6663
3110
-1
-1
-1
-1
1589
6245
-1
-1
5284
6541
-1
-1
7668
8456
7595
817
2315
2401
4650
-1
-1
-1
-1
-1
-1
6093
-1
-1
4077
8434
5471
854
-1
6428
23
-1
6278
-1
-1
-1
8527
9813
-1
-1
-1
103
-1
-1
-1
-1
-1
9455
-1
9347
6381
-1
-1
7124
926
5959
5920
-1
-1
-1
-1
837
6835
7149
-1
-1
-1
-1
-1
-1
-1
6930
5616
-1
-1
8654
1126
-1
5515
-1
7099
-1
7608
4941
-1
1088
5481
5255
1176
1438
8644
7035
-1
-1
1579
8240
7284
-1
-1
-1
7782
3352
-1
-1
-1
8705
9661
9293
-1
7839
9818
8675
-1
5417
6534
4053
6046
6416
2063
-1
4116
9657
-1
-1
-1
-1
-1
-1
-1
8657
-1
-1
5496
9335
-1
-1
-1
5811
3970
-1
4162
76
1061
8768
6655
-1
-1
-1
2602
3561
-1
4507
1331
1788
8933
1538
-1
-1
6731
-1
9703
5350
4268
2709
3911
-1
-1
-1
3437
1128
-1
-1
4919
5668
8076
5726
-1
8188
-1
152
-1
6626
6204
1744
-1
6705
-1
3895
-1
9193
1849
6608
2346
858
-1
-1
-1
4662
-1
3698
-1
6041
4227
2523
8015
9817
-1
300
-1
-1
4441
-1
5673
-1
-1
3274
-1
7860
6841
-1
4986
-1
-1
-1
-1
-1
-1
-1
6772
6049
-1
1133
2180
2560
9568
-1
2341
4543
-1
5570
-1
7809
-1
2991
9819
-1
-1
6444
3104
8086
8133
-1
4753
-1
-1
-1
8229
2710
1192
-1
4193
7927
-1
-1
-1
-1
8293
3365
8043
7999
9982
7170
4661
-1
486
2466
-1
-1
7777
-1
-1
-1
-1
-1
4151
5158
-1
-1
2543
417
-1
-1
-1
6263
-1
5008
-1
-1
6723
-1
-1
8857
6882
4405
-1
813
-1
8868
-1
-1
-1
-1
7640
-1
-1
-1
-1
9567
2218
-1
-1
2948
-1
-1
-1
9924
9115
1285
-1
-1
-1
6477
7090
4247
5523
3259
5908
6856
972
1727
7266
-1
-1
-1
-1
8812
3579
-1
-1
-1
-1
-1
-1
-1
2886
8951
-1
-1
4364
-1
-1
4186
9680
711
4728
-1
940
9875
-1
-1
-1
4136
6081
-1
-1
4966
3029
9996
-1
-1
62
-1
-1
1279
-1
8572
-1
2689
-1
3570
-1
-1
-1
3328
-1
2325
-1
7529
-1
3187
-1
-1
-1
-1
6624
8544
3972
-1
7263
-1
4218
-1
-1
-1
-1
-1
8018
-1
7357
139
9439
5552
-1
-1
-1
9482
6760
7573
7953
-1
-1
-1
3775
-1
-1
2754
1156
7966
-1
5475
-1
5081
-1
3985
7176
-1
-1
6163
9256
1731
4454
-1
-1
-1
5760
-1
8737
9549
7899
4239
3345
-1
-1
-1
-1
3915
8835
-1
-1
5231
-1
-1
3078
-1
5349
-1
9400
4305
-1
-1
-1
-1
-1
-1
2625
5251
6429
480
-1
-1
9296
-1
7784
-1
4098
5024
-1
-1
2223
6052
-1
-1
-1
-1
-1
-1
8935
-1
6522
-1
4412
2476
1758
6937
-1
-1
-1
4807
7510
-1
1111
-1
-1
-1
-1
-1
-1
9539
-1
5849
-1
9684
2915
6808
-1
691
3027
-1
2242
4176
315
1199
-1
-1
1517
8706
8403
-1
-1
2051
-1
9800
6703
-1
2196
3945
-1
-1
-1
9092
-1
9937
1300
646
5968
-1
9261
5700
5136
9492
-1
8017
3500
-1
5073
-1
-1
-1
4345
643
7340
-1
4128
-1
6836
9221
-1
5857
1376
7813
9712
-1
8078
-1
-1
6223
-1
-1
-1
-1
-1
2027
-1
1454
-1
-1
-1
-1
4365
-1
-1
-1
-1
-1
-1
-1
-1
-1
1304
6812
-1
-1
-1
-1
-1
-1
-1
5411
-1
2388
-1
-1
7471
-1
-1
-1
3926
-1
1795
5381
-1
5184
4178
6301
4148
-1
-1
8556
-1
7925
-1
9079
-1
-1
-1
5111
6137
5524
8492
-1
5014
2700
707
-1
-1
-1
-1
3763
-1
5379
8615
-1
-1
1073
-1
-1
4936
-1
-1
-1
4379
2081
-1
-1
9642
3892
9786
9397
3385
-1
-1
5651
-1
-1
6338
-1
3125
-1
-1
-1
9620
-1
-1
-1
9681
-1
227
9523
729
6143
7018
8088
5852
-1
-1
2364
2467
-1
603
-1
2568
8339
-1
372
-1
-1
-1
-1
-1
-1
-1
-1
-1
50
1392
8454
1784
-1
-1
8091
-1
-1
-1
4208
-1
-1
-1
-1
2530
-1
-1
5097
-1
1194
-1
6303
-1
8535
-1
-1
7069
4410
9096
6209
1170
5128
-1
-1
5832
-1
-1
3380
-1
2043
-1
421
2477
-1
-1
4073
-1
-1
-1
1426
-1
-1
5649
922
-1
-1
4528
-1
1036
6064
5030
4794
4433
-1
6574
4822
-1
1049
-1
-1
9307
-1
-1
-1
-1
-1
2857
-1
-1
2110
-1
-1
2367
7737
779
3928
7417
8962
87
-1
6329
1148
-1
4272
-1
-1
-1
3285
-1
-1
2910
5535
-1
8099
-1
1023
-1
-1
3173
-1
5983
-1
-1
1972
2840
7051
9832
-1
6853
-1
7565
-1
66
7275
9318
-1
-1
-1
-1
8880
3612
-1
7618
1511
6504
-1
8580
2191
4034
-1
8143
-1
-1
-1
9473
-1
-1
8730
9498
9670
-1
-1
-1
2187
3883
179
7499
-1
6993
1974
2028
-1
-1
-1
2969
-1
-1
2502
2511
-1
4062
6923
7524
-1
1950
8501
-1
-1
-1
2404
360
-1
-1
2393
2622
-1
-1
3080
5846
-1
1083
-1
5037
8361
-1
9156
-1
-1
-1
1286
4912
4988
-1
-1
3335
2103
9806
-1
-1
7040
-1
5440
-1
6904
6696
-1
-1
-1
-1
5737
-1
-1
-1
2170
-1
953
3097
5313
-1
688
-1
6288
-1
-1
8228
2484
-1
-1
678
-1
2359
-1
8823
393
2452
2184
7596
-1
5218
5249
-1
1053
4917
-1
-1
1366
5755
-1
-1
1095
4246
1941
415
-1
-1
-1
-1
-1
-1
-1
6729
-1
9031
2654
6401
-1
3047
-1
58
-1
-1
8784
-1
-1
-1
8677
9247
-1
-1
733
-1
945
-1
7924
-1
-1
-1
6596
-1
7216
4721
6225
1987
7932
-1
5143
1035
-1
8498
6602
4066
3700
-1
-1
-1
7293
9553
6460
-1
-1
1196
6815
-1
531
4477
-1
9350
-1
-1
3987
-1
6482
-1
5807
-1
3398
-1
-1
9589
-1
4617
-1
3459
3067
5994
-1
9153
-1
2937
3968
-1
8362
3984
9203
6127
-1
7822
6379
1876
6220
-1
-1
-1
-1
2551
5970
-1
-1
-1
4576
6025
7220
288
-1
-1
-1
5779
7078
-1
-1
6404
-1
6040
5435
-1
-1
5200
-1
6909
-1
-1
5369
-1
6747
8809
-1
4163
-1
7494
4896
-1
9884
7376
8230
-1
1316
2256
-1
8369
-1
-1
-1
8131
3323
3599
8351
-1
3639
-1
-1
